## {'min_sep': 0.003, 'max_sep': 1.78, 'bin_size': 0.1, 'sep_units': 'deg', 'var_method': 'bootstrap', 'coords': 'spherical', 'metric': 'Euclidean', 'corr': 'NN', 'tot': 3377400.5}
#   r_nom       meanr       meanlogr        xi        sigma_xi        DD           RR           DR         npairs   
  3.1535e-03   3.1411e-03  -5.7636e+00   3.5109e-01   3.1036e-01   2.7000e+01   1.9788e+01   1.9920e+01   2.7000e+01
  3.4843e-03   3.4438e-03  -5.6715e+00   5.6370e-01   2.9688e-01   3.7000e+01   2.3807e+01   2.3694e+01   3.7000e+01
  3.8499e-03   3.8346e-03  -5.5640e+00   5.0447e-01   3.4451e-01   4.3000e+01   2.8613e+01   2.8589e+01   4.3000e+01
  4.2539e-03   4.3001e-03  -5.4495e+00   4.6483e-01   2.8360e-01   5.0000e+01   3.4382e+01   3.4200e+01   5.0000e+01
  4.7002e-03   4.7087e-03  -5.3587e+00   7.6812e-01   3.0743e-01   7.3000e+01   4.1273e+01   4.1285e+01   7.3000e+01
  5.1934e-03   5.1895e-03  -5.2615e+00   3.3117e-01   2.7858e-01   6.6000e+01   4.9532e+01   4.9564e+01   6.6000e+01
  5.7383e-03   5.7342e-03  -5.1617e+00   2.4507e-01   2.6691e-01   7.4000e+01   5.9480e+01   5.9452e+01   7.4000e+01
  6.3404e-03   6.3643e-03  -5.0575e+00   2.7989e-01   2.5874e-01   9.1000e+01   7.1443e+01   7.1224e+01   9.1000e+01
  7.0057e-03   6.9756e-03  -4.9657e+00   1.9580e-01   2.3817e-01   1.0300e+02   8.5830e+01   8.6012e+01   1.0300e+02
  7.7407e-03   7.7719e-03  -4.8577e+00   4.3287e-01   2.4354e-01   1.4800e+02   1.0306e+02   1.0322e+02   1.4800e+02
  8.5529e-03   8.5521e-03  -4.7619e+00   3.3825e-01   2.4849e-01   1.6700e+02   1.2369e+02   1.2443e+02   1.6700e+02
  9.4504e-03   9.4867e-03  -4.6583e+00   3.2334e-01   2.2731e-01   1.9700e+02   1.4837e+02   1.4870e+02   1.9700e+02
  1.0442e-02   1.0445e-02  -4.5620e+00   3.3133e-01   2.4486e-01   2.3700e+02   1.7780e+02   1.7794e+02   2.3700e+02
  1.1538e-02   1.1539e-02  -4.4624e+00   3.1040e-01   2.2508e-01   2.8000e+02   2.1319e+02   2.1351e+02   2.8000e+02
  1.2748e-02   1.2784e-02  -4.3600e+00   1.2438e-01   2.4120e-01   2.8800e+02   2.5558e+02   2.5590e+02   2.8800e+02
  1.4086e-02   1.4101e-02  -4.2619e+00   1.6560e-01   2.2077e-01   3.5600e+02   3.0631e+02   3.0579e+02   3.5600e+02
  1.5564e-02   1.5534e-02  -4.1651e+00   8.1950e-02   2.2215e-01   3.9700e+02   3.6657e+02   3.6677e+02   3.9700e+02
  1.7197e-02   1.7247e-02  -4.0606e+00   1.8283e-01   2.2924e-01   5.2800e+02   4.3831e+02   4.4309e+02   5.2800e+02
  1.9001e-02   1.9031e-02  -3.9621e+00   8.3332e-02   2.1715e-01   5.7200e+02   5.2390e+02   5.2612e+02   5.7200e+02
  2.0995e-02   2.1059e-02  -3.8608e+00   2.1245e-01   2.1986e-01   7.6100e+02   6.2705e+02   6.2742e+02   7.6100e+02
  2.3198e-02   2.3213e-02  -3.7635e+00   1.6032e-01   2.2079e-01   8.7200e+02   7.5205e+02   7.5174e+02   8.7200e+02
  2.5632e-02   2.5706e-02  -3.6614e+00   1.0243e-01   2.1302e-01   9.9000e+02   9.0292e+02   9.0022e+02   9.9000e+02
  2.8321e-02   2.8386e-02  -3.5623e+00   1.2188e-01   2.1315e-01   1.2150e+03   1.0858e+03   1.0842e+03   1.2150e+03
  3.1293e-02   3.1327e-02  -3.4637e+00   6.5438e-02   2.1178e-01   1.3790e+03   1.3061e+03   1.2998e+03   1.3790e+03
  3.4576e-02   3.4674e-02  -3.3622e+00   6.6365e-02   2.1165e-01   1.6650e+03   1.5660e+03   1.5635e+03   1.6650e+03
  3.8204e-02   3.8295e-02  -3.2628e+00   5.1580e-02   2.1597e-01   1.9800e+03   1.8786e+03   1.8809e+03   1.9800e+03
  4.2212e-02   4.2352e-02  -3.1622e+00   3.2832e-02   2.0571e-01   2.3460e+03   2.2563e+03   2.2641e+03   2.3460e+03
  4.6642e-02   4.6718e-02  -3.0640e+00   1.0335e-01   2.0276e-01   2.9960e+03   2.7127e+03   2.7142e+03   2.9960e+03
  5.1535e-02   5.1638e-02  -2.9639e+00   6.0974e-02   1.9747e-01   3.4810e+03   3.2619e+03   3.2720e+03   3.4810e+03
  5.6943e-02   5.7086e-02  -2.8636e+00   8.0736e-02   1.8960e-01   4.2680e+03   3.9319e+03   3.9412e+03   4.2680e+03
  6.2917e-02   6.3035e-02  -2.7645e+00   6.5333e-02   1.8324e-01   5.0430e+03   4.7424e+03   4.7378e+03   5.0430e+03
  6.9519e-02   6.9626e-02  -2.6650e+00   4.6848e-02   1.7631e-01   6.0940e+03   5.7027e+03   5.7648e+03   6.0940e+03
  7.6813e-02   7.6971e-02  -2.5647e+00   3.8369e-02   1.7134e-01   7.4490e+03   6.8669e+03   7.0262e+03   7.4490e+03
  8.4873e-02   8.5097e-02  -2.4644e+00   5.1948e-02   1.6795e-01   9.1190e+03   8.2451e+03   8.4679e+03   9.1190e+03
  9.3778e-02   9.4002e-02  -2.3648e+00   3.9805e-02   1.6115e-01   1.0960e+04   9.9008e+03   1.0233e+04   1.0960e+04
  1.0362e-01   1.0383e-01  -2.2655e+00   7.6232e-02   1.5024e-01   1.3634e+04   1.1911e+04   1.2318e+04   1.3634e+04
  1.1449e-01   1.1473e-01  -2.1656e+00   3.5083e-02   1.4067e-01   1.5760e+04   1.4434e+04   1.4844e+04   1.5760e+04
  1.2650e-01   1.2669e-01  -2.0664e+00   4.3792e-02   1.3727e-01   1.9194e+04   1.7452e+04   1.7941e+04   1.9194e+04
  1.3978e-01   1.4002e-01  -1.9664e+00   4.4302e-02   1.3194e-01   2.3211e+04   2.1006e+04   2.1643e+04   2.3211e+04
  1.5444e-01   1.5473e-01  -1.8665e+00   2.9257e-02   1.2559e-01   2.7750e+04   2.5369e+04   2.6189e+04   2.7750e+04
  1.7065e-01   1.7097e-01  -1.7667e+00   1.4277e-02   1.1965e-01   3.3825e+04   3.1112e+04   3.2246e+04   3.3825e+04
  1.8855e-01   1.8890e-01  -1.6670e+00   1.5576e-02   1.1236e-01   4.0224e+04   3.6813e+04   3.8232e+04   4.0224e+04
  2.0834e-01   2.0869e-01  -1.5673e+00   1.9232e-02   1.1082e-01   4.7958e+04   4.3637e+04   4.5378e+04   4.7958e+04
  2.3020e-01   2.3061e-01  -1.4674e+00   4.3356e-03   1.0131e-01   5.6001e+04   5.1712e+04   5.3744e+04   5.6001e+04
  2.5435e-01   2.5481e-01  -1.3676e+00   3.3655e-03   9.5468e-02   6.5915e+04   6.0809e+04   6.3260e+04   6.5915e+04
  2.8104e-01   2.8156e-01  -1.2678e+00  -2.4431e-03   8.9304e-02   7.7285e+04   7.1923e+04   7.4692e+04   7.7285e+04
  3.1052e-01   3.1117e-01  -1.1678e+00   1.4341e-02   8.4188e-02   9.4283e+04   8.6479e+04   8.9761e+04   9.4283e+04
  3.4311e-01   3.4364e-01  -1.0686e+00   5.8577e-03   8.0607e-02   1.1010e+05   1.0285e+05   1.0617e+05   1.1010e+05
  3.7911e-01   3.7976e-01  -9.6862e-01   6.1162e-03   7.9120e-02   1.2883e+05   1.1941e+05   1.2376e+05   1.2883e+05
  4.1888e-01   4.1952e-01  -8.6905e-01   7.4496e-03   7.4949e-02   1.5016e+05   1.3748e+05   1.4331e+05   1.5016e+05
  4.6284e-01   4.6355e-01  -7.6927e-01  -3.4122e-03   6.7813e-02   1.7306e+05   1.5933e+05   1.6647e+05   1.7306e+05
  5.1140e-01   5.1204e-01  -6.6976e-01  -1.8698e-03   7.0226e-02   2.0004e+05   1.8372e+05   1.9205e+05   2.0004e+05
  5.6506e-01   5.6566e-01  -5.7018e-01  -1.0791e-03   7.0780e-02   2.2341e+05   2.0726e+05   2.1545e+05   2.2341e+05
  6.2435e-01   6.2488e-01  -4.7062e-01  -1.3989e-02   6.6753e-02   2.4153e+05   2.2969e+05   2.3722e+05   2.4153e+05
  6.8986e-01   6.9032e-01  -3.7101e-01  -1.4439e-02   6.7415e-02   2.5665e+05   2.4960e+05   2.5493e+05   2.5665e+05
  7.6224e-01   7.6267e-01  -2.7134e-01  -1.2722e-02   6.8164e-02   2.6267e+05   2.6358e+05   2.6480e+05   2.6267e+05
  8.4222e-01   8.4227e-01  -1.7207e-01  -9.8545e-03   6.3469e-02   2.6029e+05   2.7116e+05   2.6706e+05   2.6029e+05
  9.3059e-01   9.3037e-01  -7.2581e-02  -3.6296e-03   6.8274e-02   2.4272e+05   2.6364e+05   2.5366e+05   2.4272e+05
  1.0282e+00   1.0270e+00   2.6219e-02  -6.6352e-03   6.3749e-02   2.1066e+05   2.4052e+05   2.2639e+05   2.1066e+05
  1.1361e+00   1.1333e+00   1.2468e-01   7.9460e-04   6.9223e-02   1.6261e+05   1.9725e+05   1.7985e+05   1.6261e+05
  1.2553e+00   1.2508e+00   2.2339e-01   4.3349e-03   7.9695e-02   1.0630e+05   1.3132e+05   1.1852e+05   1.0630e+05
  1.3870e+00   1.3752e+00   3.1821e-01   6.1277e-03   1.4071e-01   5.3017e+04   6.8624e+04   6.0610e+04   5.3017e+04
  1.5326e+00   1.5135e+00   4.1406e-01   2.0444e-02   3.0441e-01   1.2939e+04   1.7977e+04   1.5274e+04   1.2939e+04
  1.6934e+00   1.6529e+00   5.0231e-01   3.6478e-02   2.1819e+02   1.5390e+03   2.4089e+03   1.9300e+03   1.5390e+03
