## {'min_sep': 0.003, 'max_sep': 1.78, 'bin_size': 0.1, 'sep_units': 'deg', 'coords': 'spherical', 'metric': 'Euclidean', 'corr': 'NN', 'tot': 31466244.5}
#   r_nom       meanr       meanlogr        xi        sigma_xi        DD           RR           DR         npairs   
  3.1535e-03   3.1581e-03  -5.7582e+00   1.9279e-01   8.6304e-02   1.5900e+02   1.3442e+02   1.3375e+02   1.5900e+02
  3.4843e-03   3.4839e-03  -5.6600e+00  -3.3054e-02   7.8426e-02   1.5700e+02   1.6278e+02   1.6258e+02   1.5700e+02
  3.8499e-03   3.8595e-03  -5.5576e+00   5.6655e-02   7.1303e-02   2.0800e+02   1.9692e+02   1.9688e+02   2.0800e+02
  4.2539e-03   4.2724e-03  -5.4560e+00   6.6929e-02   6.4838e-02   2.5300e+02   2.3815e+02   2.3761e+02   2.5300e+02
  4.7002e-03   4.7004e-03  -5.3605e+00  -4.6357e-02   5.8981e-02   2.7200e+02   2.8780e+02   2.8657e+02   2.7200e+02
  5.1934e-03   5.2052e-03  -5.2585e+00  -2.4316e-02   5.3665e-02   3.3900e+02   3.4764e+02   3.4755e+02   3.3900e+02
  5.7383e-03   5.7432e-03  -5.1601e+00   2.1915e-02   4.8834e-02   4.3000e+02   4.1982e+02   4.2031e+02   4.3000e+02
  6.3404e-03   6.3461e-03  -5.0603e+00   8.7714e-02   4.4434e-02   5.5000e+02   5.0709e+02   5.0631e+02   5.5000e+02
  7.0057e-03   7.0248e-03  -4.9587e+00   1.4023e-03   4.0436e-02   6.1200e+02   6.1232e+02   6.1173e+02   6.1200e+02
  7.7407e-03   7.7501e-03  -4.8605e+00   6.1684e-02   3.6807e-02   7.8400e+02   7.3902e+02   7.3872e+02   7.8400e+02
  8.5529e-03   8.5750e-03  -4.7593e+00   3.0598e-02   3.3519e-02   9.1800e+02   8.9110e+02   8.9092e+02   9.1800e+02
  9.4504e-03   9.4692e-03  -4.6601e+00   3.8619e-02   3.0534e-02   1.1120e+03   1.0739e+03   1.0722e+03   1.1120e+03
  1.0442e-02   1.0476e-02  -4.5591e+00   6.4062e-02   2.7829e-02   1.3750e+03   1.2928e+03   1.2925e+03   1.3750e+03
  1.1538e-02   1.1567e-02  -4.4600e+00   3.4687e-02   2.5373e-02   1.6050e+03   1.5552e+03   1.5531e+03   1.6050e+03
  1.2748e-02   1.2750e-02  -4.3627e+00   4.6500e-02   2.3145e-02   1.9440e+03   1.8689e+03   1.8630e+03   1.9440e+03
  1.4086e-02   1.4112e-02  -4.2612e+00   7.9678e-02   2.1127e-02   2.4110e+03   2.2430e+03   2.2376e+03   2.4110e+03
  1.5564e-02   1.5588e-02  -4.1617e+00   2.5550e-02   1.9300e-02   2.7520e+03   2.6879e+03   2.6856e+03   2.7520e+03
  1.7197e-02   1.7231e-02  -4.0615e+00   3.1812e-02   1.7640e-02   3.3080e+03   3.2176e+03   3.2116e+03   3.3080e+03
  1.9001e-02   1.9024e-02  -3.9625e+00   1.3789e-03   1.6136e-02   3.8350e+03   3.8452e+03   3.8374e+03   3.8350e+03
  2.0995e-02   2.1055e-02  -3.8610e+00   2.8728e-02   1.4759e-02   4.6960e+03   4.5963e+03   4.5801e+03   4.6960e+03
  2.3198e-02   2.3245e-02  -3.7621e+00   8.2934e-03   1.3486e-02   5.5090e+03   5.5052e+03   5.4843e+03   5.5090e+03
  2.5632e-02   2.5659e-02  -3.6633e+00   6.8343e-03   1.2307e-02   6.6100e+03   6.6102e+03   6.5875e+03   6.6100e+03
  2.8321e-02   2.8378e-02  -3.5626e+00   2.4909e-02   1.1226e-02   8.0740e+03   7.9441e+03   7.9101e+03   8.0740e+03
  3.1293e-02   3.1354e-02  -3.4628e+00   1.8839e-02   1.0236e-02   9.6550e+03   9.5556e+03   9.5153e+03   9.6550e+03
  3.4576e-02   3.4643e-02  -3.3631e+00   2.8969e-02   9.3322e-03   1.1714e+04   1.1496e+04   1.1438e+04   1.1714e+04
  3.8204e-02   3.8293e-02  -3.2629e+00   2.2698e-02   8.5106e-03   1.3989e+04   1.3823e+04   1.3749e+04   1.3989e+04
  4.2212e-02   4.2293e-02  -3.1636e+00   1.4173e-02   7.7642e-03   1.6667e+04   1.6608e+04   1.6520e+04   1.6667e+04
  4.6642e-02   4.6741e-02  -3.0635e+00   1.3781e-02   7.0833e-03   1.9875e+04   1.9955e+04   1.9777e+04   1.9875e+04
  5.1535e-02   5.1631e-02  -2.9640e+00   1.1584e-02   6.4668e-03   2.3874e+04   2.3941e+04   2.3769e+04   2.3874e+04
  5.6943e-02   5.7050e-02  -2.8642e+00   1.5138e-02   5.9063e-03   2.8806e+04   2.8701e+04   2.8536e+04   2.8806e+04
  6.2917e-02   6.3072e-02  -2.7639e+00   1.4684e-02   5.3965e-03   3.4558e+04   3.4378e+04   3.4216e+04   3.4558e+04
  6.9519e-02   6.9651e-02  -2.6647e+00   2.3043e-02   4.9310e-03   4.2026e+04   4.1177e+04   4.1127e+04   4.2026e+04
  7.6813e-02   7.6973e-02  -2.5647e+00   9.7545e-03   4.5035e-03   5.0184e+04   4.9365e+04   4.9534e+04   5.0184e+04
  8.4873e-02   8.5020e-02  -2.4653e+00   5.6578e-03   4.1170e-03   6.0003e+04   5.9067e+04   5.9368e+04   6.0003e+04
  9.3778e-02   9.3929e-02  -2.3656e+00   1.6401e-02   3.7697e-03   7.2140e+04   7.0452e+04   7.0718e+04   7.2140e+04
  1.0362e-01   1.0381e-01  -2.2656e+00   9.5732e-03   3.4533e-03   8.5262e+04   8.3956e+04   8.4207e+04   8.5262e+04
  1.1449e-01   1.1471e-01  -2.1658e+00   9.2981e-03   3.1657e-03   1.0134e+05   9.9903e+04   1.0015e+05   1.0134e+05
  1.2650e-01   1.2677e-01  -2.0658e+00   1.1705e-02   2.9008e-03   1.2136e+05   1.1898e+05   1.1947e+05   1.2136e+05
  1.3978e-01   1.4004e-01  -1.9662e+00   8.2819e-03   2.6575e-03   1.4318e+05   1.4177e+05   1.4189e+05   1.4318e+05
  1.5444e-01   1.5477e-01  -1.8662e+00   5.2638e-03   2.4147e-03   1.7306e+05   1.7171e+05   1.7193e+05   1.7306e+05
  1.7065e-01   1.7103e-01  -1.7663e+00   1.4139e-02   2.1698e-03   2.1674e+05   2.1265e+05   2.1319e+05   2.1674e+05
  1.8855e-01   1.8888e-01  -1.6671e+00   5.4556e-03   1.9761e-03   2.5988e+05   2.5639e+05   2.5744e+05   2.5988e+05
  2.0834e-01   2.0872e-01  -1.5672e+00   1.2646e-02   1.8250e-03   3.0496e+05   3.0059e+05   3.0087e+05   3.0496e+05
  2.3020e-01   2.3063e-01  -1.4673e+00   8.9386e-03   1.6866e-03   3.5860e+05   3.5197e+05   3.5371e+05   3.5860e+05
  2.5435e-01   2.5477e-01  -1.3678e+00   5.5738e-03   1.5619e-03   4.1909e+05   4.1042e+05   4.1361e+05   4.1909e+05
  2.8104e-01   2.8145e-01  -1.2682e+00  -1.1566e-03   1.4545e-03   4.7677e+05   4.7325e+05   4.7528e+05   4.7677e+05
  3.1052e-01   3.1113e-01  -1.1680e+00   4.9604e-03   1.3454e-03   5.5952e+05   5.5314e+05   5.5496e+05   5.5952e+05
  3.4311e-01   3.4362e-01  -1.0686e+00  -1.9005e-04   1.2325e-03   6.5781e+05   6.5913e+05   6.5854e+05   6.5781e+05
  3.7911e-01   3.7975e-01  -9.6865e-01   1.9083e-03   1.1405e-03   7.6608e+05   7.6972e+05   7.6717e+05   7.6608e+05
  4.1888e-01   4.1949e-01  -8.6913e-01  -3.6861e-03   1.0681e-03   8.8222e+05   8.7760e+05   8.8153e+05   8.8222e+05
  4.6284e-01   4.6353e-01  -7.6929e-01   5.2046e-04   1.0012e-03   1.0005e+06   9.9877e+05   9.9936e+05   1.0005e+06
  5.1140e-01   5.1214e-01  -6.6956e-01  -6.3248e-04   9.2560e-04   1.1740e+06   1.1686e+06   1.1717e+06   1.1740e+06
  5.6506e-01   5.6598e-01  -5.6961e-01  -1.9587e-04   8.6106e-04   1.3580e+06   1.3503e+06   1.3543e+06   1.3580e+06
  6.2435e-01   6.2539e-01  -4.6979e-01  -1.5622e-03   8.0314e-04   1.5699e+06   1.5521e+06   1.5622e+06   1.5699e+06
  6.8986e-01   6.9080e-01  -3.7031e-01   2.4391e-04   7.4500e-04   1.8253e+06   1.8038e+06   1.8144e+06   1.8253e+06
  7.6224e-01   7.6331e-01  -2.7050e-01  -2.2358e-03   6.9844e-04   2.0897e+06   2.0524e+06   2.0734e+06   2.0897e+06
  8.4222e-01   8.4306e-01  -1.7112e-01  -3.3377e-03   6.5804e-04   2.3334e+06   2.3121e+06   2.3266e+06   2.3334e+06
  9.3059e-01   9.3145e-01  -7.1426e-02  -3.9577e-03   6.3190e-04   2.5038e+06   2.5073e+06   2.5106e+06   2.5038e+06
  1.0282e+00   1.0283e+00   2.7517e-02  -1.0302e-03   6.1808e-04   2.5914e+06   2.6208e+06   2.6074e+06   2.5914e+06
  1.1361e+00   1.1363e+00   1.2733e-01  -2.6641e-03   6.2704e-04   2.4870e+06   2.5464e+06   2.5201e+06   2.4870e+06
  1.2553e+00   1.2548e+00   2.2660e-01  -1.7429e-03   6.5614e-04   2.2598e+06   2.3255e+06   2.2947e+06   2.2598e+06
  1.3870e+00   1.3845e+00   3.2493e-01   1.9758e-03   7.1146e-04   1.9681e+06   1.9779e+06   1.9711e+06   1.9681e+06
  1.5326e+00   1.5272e+00   4.2304e-01   4.5833e-03   8.4581e-04   1.4129e+06   1.3995e+06   1.4030e+06   1.4129e+06
  1.6934e+00   1.6824e+00   5.1981e-01   3.9945e-04   1.1760e-03   7.2410e+05   7.2399e+05   7.2390e+05   7.2410e+05
