## {'min_sep': 0.003, 'max_sep': 1.78, 'bin_size': 0.1, 'sep_units': 'deg', 'coords': 'spherical', 'metric': 'Euclidean', 'corr': 'NN', 'tot': 734472.0}
#   r_nom       meanr       meanlogr        xi        sigma_xi        DD           RR           DR         npairs   
  3.1535e-03   3.1536e-03  -5.7596e+00   9.1924e-01   5.6461e-01   6.0000e+00   3.1375e+00   3.1267e+00   6.0000e+00
  3.4843e-03   3.4727e-03  -5.6632e+00   3.1411e-01   5.1308e-01   5.0000e+00   3.7994e+00   3.8030e+00   5.0000e+00
  3.8499e-03   3.8795e-03  -5.5524e+00   9.6815e-01   4.6647e-01   9.0000e+00   4.5965e+00   4.5732e+00   9.0000e+00
  4.2539e-03   4.2651e-03  -5.4577e+00   9.8269e-01   4.2419e-01   1.1000e+01   5.5586e+00   5.5481e+00   1.1000e+01
  4.7002e-03   4.6717e-03  -5.3667e+00   1.2369e+00   3.8586e-01   1.5000e+01   6.7176e+00   6.7042e+00   1.5000e+01
  5.1934e-03   5.0812e-03  -5.2824e+00   1.1580e-01   3.5108e-01   9.0000e+00   8.1146e+00   8.0875e+00   9.0000e+00
  5.7383e-03   5.7343e-03  -5.1616e+00   2.3277e-01   3.1947e-01   1.2000e+01   9.7997e+00   9.7593e+00   1.2000e+01
  6.3404e-03   6.2875e-03  -5.0697e+00   5.2266e-01   2.9070e-01   1.8000e+01   1.1836e+01   1.1825e+01   1.8000e+01
  7.0057e-03   7.0059e-03  -4.9614e+00   7.4328e-01   2.6454e-01   2.5000e+01   1.4292e+01   1.4335e+01   2.5000e+01
  7.7407e-03   7.7176e-03  -4.8645e+00   1.4788e-01   2.4080e-01   2.0000e+01   1.7249e+01   1.7349e+01   2.0000e+01
  8.5529e-03   8.5348e-03  -4.7641e+00   6.1988e-01   2.1927e-01   3.4000e+01   2.0802e+01   2.0954e+01   3.4000e+01
  9.4504e-03   9.4243e-03  -4.6649e+00   5.3882e-01   1.9976e-01   3.9000e+01   2.5065e+01   2.5280e+01   3.9000e+01
  1.0442e-02   1.0449e-02  -4.5617e+00   4.0925e-01   1.8205e-01   4.3000e+01   3.0177e+01   3.0414e+01   4.3000e+01
  1.1538e-02   1.1564e-02  -4.4603e+00  -4.3565e-02   1.6598e-01   3.5000e+01   3.6303e+01   3.6442e+01   3.5000e+01
  1.2748e-02   1.2863e-02  -4.3539e+00   2.8452e-03   1.5143e-01   4.4000e+01   4.3619e+01   4.3748e+01   4.4000e+01
  1.4086e-02   1.4088e-02  -4.2628e+00   4.3606e-01   1.3822e-01   7.6000e+01   5.2355e+01   5.2763e+01   7.6000e+01
  1.5564e-02   1.5611e-02  -4.1602e+00   2.4882e-01   1.2625e-01   7.9000e+01   6.2747e+01   6.3067e+01   7.9000e+01
  1.7197e-02   1.7234e-02  -4.0614e+00   3.7803e-01   1.1541e-01   1.0400e+02   7.5093e+01   7.5353e+01   1.0400e+02
  1.9001e-02   1.9069e-02  -3.9601e+00   2.7236e-01   1.0556e-01   1.1600e+02   8.9752e+01   9.0653e+01   1.1600e+02
  2.0995e-02   2.1004e-02  -3.8635e+00   4.7211e-01   9.6550e-02   1.6000e+02   1.0729e+02   1.0832e+02   1.6000e+02
  2.3198e-02   2.3265e-02  -3.7612e+00   2.6017e-01   8.8221e-02   1.6600e+02   1.2851e+02   1.3054e+02   1.6600e+02
  2.5632e-02   2.5689e-02  -3.6621e+00   1.2568e-01   8.0516e-02   1.7800e+02   1.5428e+02   1.5644e+02   1.7800e+02
  2.8321e-02   2.8377e-02  -3.5626e+00   2.8639e-01   7.3447e-02   2.4600e+02   1.8541e+02   1.8916e+02   2.4600e+02
  3.1293e-02   3.1322e-02  -3.4638e+00   7.6848e-02   6.6960e-02   2.4800e+02   2.2307e+02   2.2697e+02   2.4800e+02
  3.4576e-02   3.4670e-02  -3.3623e+00   9.3711e-02   6.1054e-02   3.0000e+02   2.6831e+02   2.7159e+02   3.0000e+02
  3.8204e-02   3.8282e-02  -3.2632e+00   4.2315e-02   5.5679e-02   3.4300e+02   3.2262e+02   3.2598e+02   3.4300e+02
  4.2212e-02   4.2159e-02  -3.1667e+00   9.7678e-02   5.0788e-02   4.3300e+02   3.8775e+02   3.9144e+02   4.3300e+02
  4.6642e-02   4.6696e-02  -3.0645e+00   4.2150e-03   4.6345e-02   4.7400e+02   4.6566e+02   4.6885e+02   4.7400e+02
  5.1535e-02   5.1573e-02  -2.9652e+00   9.1754e-02   4.2305e-02   6.1700e+02   5.5885e+02   5.6229e+02   6.1700e+02
  5.6943e-02   5.6985e-02  -2.8654e+00   1.1580e-01   3.8635e-02   7.5900e+02   6.7005e+02   6.7573e+02   7.5900e+02
  6.2917e-02   6.3056e-02  -2.7641e+00   1.4556e-01   3.5310e-02   9.4100e+02   8.0218e+02   8.1321e+02   9.4100e+02
  6.9519e-02   6.9572e-02  -2.6658e+00   6.1081e-02   3.2255e-02   1.0410e+03   9.6136e+02   9.7182e+02   1.0410e+03
  7.6813e-02   7.6908e-02  -2.5656e+00   2.4834e-02   2.9465e-02   1.1900e+03   1.1520e+03   1.1567e+03   1.1900e+03
  8.4873e-02   8.5077e-02  -2.4646e+00   3.8840e-02   2.6934e-02   1.4250e+03   1.3787e+03   1.3751e+03   1.4250e+03
  9.3778e-02   9.3984e-02  -2.3650e+00   4.1277e-02   2.4659e-02   1.7040e+03   1.6448e+03   1.6405e+03   1.7040e+03
  1.0362e-01   1.0372e-01  -2.2665e+00   5.2085e-02   2.2591e-02   2.0630e+03   1.9598e+03   1.9604e+03   2.0630e+03
  1.1449e-01   1.1471e-01  -2.1658e+00   3.6322e-02   2.0713e-02   2.4340e+03   2.3312e+03   2.3402e+03   2.4340e+03
  1.2650e-01   1.2667e-01  -2.0666e+00   4.1151e-02   1.8978e-02   2.9130e+03   2.7772e+03   2.7879e+03   2.9130e+03
  1.3978e-01   1.4001e-01  -1.9665e+00   3.5682e-02   1.7386e-02   3.4450e+03   3.3089e+03   3.3179e+03   3.4450e+03
  1.5444e-01   1.5472e-01  -1.8666e+00   2.4489e-02   1.5796e-02   4.1550e+03   4.0088e+03   4.0328e+03   4.1550e+03
  1.7065e-01   1.7098e-01  -1.7666e+00   5.2367e-02   1.4197e-02   5.3020e+03   4.9620e+03   5.0021e+03   5.3020e+03
  1.8855e-01   1.8900e-01  -1.6665e+00   4.6290e-02   1.2922e-02   6.3880e+03   5.9900e+03   6.0504e+03   6.3880e+03
  2.0834e-01   2.0869e-01  -1.5673e+00   6.8794e-02   1.1942e-02   7.5990e+03   7.0128e+03   7.0647e+03   7.5990e+03
  2.3020e-01   2.3058e-01  -1.4676e+00   2.1979e-02   1.1033e-02   8.7860e+03   8.2163e+03   8.4108e+03   8.7860e+03
  2.5435e-01   2.5473e-01  -1.3680e+00   5.6297e-02   1.0218e-02   1.0561e+04   9.5794e+03   9.8006e+03   1.0561e+04
  2.8104e-01   2.8155e-01  -1.2678e+00   3.6124e-02   9.5124e-03   1.2090e+04   1.1053e+04   1.1372e+04   1.2090e+04
  3.1052e-01   3.1117e-01  -1.1678e+00   3.1616e-02   8.7987e-03   1.4123e+04   1.2919e+04   1.3317e+04   1.4123e+04
  3.4311e-01   3.4372e-01  -1.0683e+00   1.3278e-02   8.0686e-03   1.6782e+04   1.5363e+04   1.5971e+04   1.6782e+04
  3.7911e-01   3.7967e-01  -9.6887e-01   1.0802e-02   7.4616e-03   1.9366e+04   1.7964e+04   1.8568e+04   1.9366e+04
  4.1888e-01   4.1955e-01  -8.6898e-01   4.0316e-02   6.9829e-03   2.2730e+04   2.0512e+04   2.1207e+04   2.2730e+04
  4.6284e-01   4.6357e-01  -7.6922e-01   1.8183e-02   6.5540e-03   2.5545e+04   2.3285e+04   2.4203e+04   2.5545e+04
  5.1140e-01   5.1204e-01  -6.6976e-01   2.2169e-02   6.0552e-03   2.9855e+04   2.7279e+04   2.8265e+04   2.9855e+04
  5.6506e-01   5.6581e-01  -5.6990e-01   3.5145e-02   5.6321e-03   3.4098e+04   3.1530e+04   3.2260e+04   3.4098e+04
  6.2435e-01   6.2538e-01  -4.6981e-01   8.5606e-03   5.2538e-03   3.7820e+04   3.6236e+04   3.6873e+04   3.7820e+04
  6.8986e-01   6.9072e-01  -3.7044e-01   1.1331e-02   4.8753e-03   4.3044e+04   4.2080e+04   4.2324e+04   4.3044e+04
  7.6224e-01   7.6339e-01  -2.7041e-01   1.0852e-03   4.5696e-03   4.7547e+04   4.7899e+04   4.7697e+04   4.7547e+04
  8.4222e-01   8.4312e-01  -1.7106e-01   5.8268e-03   4.3042e-03   5.3664e+04   5.3987e+04   5.3668e+04   5.3664e+04
  9.3059e-01   9.3138e-01  -7.1507e-02  -7.1741e-03   4.1326e-03   5.6875e+04   5.8563e+04   5.7929e+04   5.6875e+04
  1.0282e+00   1.0283e+00   2.7484e-02  -1.7749e-02   4.0457e-03   5.8562e+04   6.1107e+04   6.0377e+04   5.8562e+04
  1.1361e+00   1.1365e+00   1.2753e-01  -2.2579e-02   4.1010e-03   5.7058e+04   5.9470e+04   5.8935e+04   5.7058e+04
  1.2553e+00   1.2545e+00   2.2628e-01  -4.1574e-02   4.2925e-03   5.0927e+04   5.4281e+04   5.3732e+04   5.0927e+04
  1.3870e+00   1.3836e+00   3.2426e-01  -5.2782e-02   4.6551e-03   4.1803e+04   4.6155e+04   4.5197e+04   4.1803e+04
  1.5326e+00   1.5277e+00   4.2336e-01  -3.0547e-02   5.5324e-03   2.8620e+04   3.2677e+04   3.1148e+04   2.8620e+04
  1.6934e+00   1.6803e+00   5.1859e-01  -1.1632e-02   7.6936e-03   1.4632e+04   1.6897e+04   1.5863e+04   1.4632e+04
