## {'min_sep': 0.003, 'max_sep': 1.78, 'bin_size': 0.1, 'sep_units': 'deg', 'var_method': 'bootstrap', 'coords': 'spherical', 'metric': 'Euclidean', 'corr': 'NN', 'tot': 4557180.5}
#   r_nom       meanr       meanlogr        xi        sigma_xi        DD           RR           DR         npairs   
  3.1535e-03   3.1416e-03  -5.7634e+00   6.3084e-01   3.7737e-01   3.2000e+01   1.9468e+01   1.9593e+01   3.2000e+01
  3.4843e-03   3.4571e-03  -5.6677e+00   9.9675e-01   3.9825e-01   4.7000e+01   2.3574e+01   2.3538e+01   4.7000e+01
  3.8499e-03   3.8687e-03  -5.5552e+00   7.9450e-01   3.1971e-01   5.1000e+01   2.8519e+01   2.8430e+01   5.1000e+01
  4.2539e-03   4.2601e-03  -5.4589e+00   6.2512e-01   3.1149e-01   5.6000e+01   3.4492e+01   3.4465e+01   5.6000e+01
  4.7002e-03   4.6990e-03  -5.3609e+00   4.1566e-01   2.5997e-01   5.9000e+01   4.1680e+01   4.1678e+01   5.9000e+01
  5.1934e-03   5.2027e-03  -5.2591e+00   6.5553e-01   3.2077e-01   8.4000e+01   5.0345e+01   5.0671e+01   8.4000e+01
  5.7383e-03   5.7287e-03  -5.1626e+00   7.4249e-01   3.0510e-01   1.0600e+02   6.0805e+01   6.0829e+01   1.0600e+02
  6.3404e-03   6.3638e-03  -5.0575e+00   6.6881e-01   2.9577e-01   1.2300e+02   7.3440e+01   7.3661e+01   1.2300e+02
  7.0057e-03   7.0364e-03  -4.9570e+00   4.8373e-01   2.9128e-01   1.3200e+02   8.8686e+01   8.8893e+01   1.3200e+02
  7.7407e-03   7.7476e-03  -4.8608e+00   4.9431e-01   2.7638e-01   1.6000e+02   1.0702e+02   1.0706e+02   1.6000e+02
  8.5529e-03   8.5346e-03  -4.7640e+00   2.3514e-01   2.5568e-01   1.6000e+02   1.2906e+02   1.2936e+02   1.6000e+02
  9.4504e-03   9.4571e-03  -4.6614e+00   2.2705e-01   2.5040e-01   1.9200e+02   1.5552e+02   1.5610e+02   1.9200e+02
  1.0442e-02   1.0449e-02  -4.5617e+00   2.5526e-01   2.5503e-01   2.3600e+02   1.8724e+02   1.8772e+02   2.3600e+02
  1.1538e-02   1.1545e-02  -4.4619e+00   2.3836e-01   2.5634e-01   2.8000e+02   2.2524e+02   2.2578e+02   2.8000e+02
  1.2748e-02   1.2779e-02  -4.3604e+00   2.7792e-01   2.5104e-01   3.4800e+02   2.7064e+02   2.7171e+02   3.4800e+02
  1.4086e-02   1.4093e-02  -4.2625e+00   2.1037e-01   2.4418e-01   3.9400e+02   3.2485e+02   3.2526e+02   3.9400e+02
  1.5564e-02   1.5603e-02  -4.1607e+00   1.1983e-01   2.6555e-01   4.3500e+02   3.8933e+02   3.8884e+02   4.3500e+02
  1.7197e-02   1.7200e-02  -4.0633e+00   2.8717e-01   2.4756e-01   6.0100e+02   4.6596e+02   4.6658e+02   6.0100e+02
  1.9001e-02   1.9017e-02  -3.9628e+00   2.3542e-01   2.5936e-01   6.8600e+02   5.5687e+02   5.5589e+02   6.8600e+02
  2.0995e-02   2.1029e-02  -3.8623e+00   6.9621e-02   2.5257e-01   7.1400e+02   6.6569e+02   6.6667e+02   7.1400e+02
  2.3198e-02   2.3213e-02  -3.7634e+00   8.7269e-02   2.5046e-01   8.7300e+02   7.9731e+02   8.0037e+02   8.7300e+02
  2.5632e-02   2.5673e-02  -3.6627e+00   1.5627e-01   2.5364e-01   1.1200e+03   9.5730e+02   9.6385e+02   1.1200e+03
  2.8321e-02   2.8397e-02  -3.5619e+00   2.1685e-01   2.5135e-01   1.4190e+03   1.1507e+03   1.1601e+03   1.4190e+03
  3.1293e-02   3.1366e-02  -3.4625e+00   7.8879e-02   2.3783e-01   1.5050e+03   1.3839e+03   1.3899e+03   1.5050e+03
  3.4576e-02   3.4658e-02  -3.3626e+00   7.1177e-02   2.3583e-01   1.8220e+03   1.6647e+03   1.6841e+03   1.8220e+03
  3.8204e-02   3.8316e-02  -3.2623e+00   6.8216e-02   2.3607e-01   2.1740e+03   2.0021e+03   2.0198e+03   2.1740e+03
  4.2212e-02   4.2305e-02  -3.1633e+00   1.2356e-01   2.3016e-01   2.7420e+03   2.4055e+03   2.4251e+03   2.7420e+03
  4.6642e-02   4.6679e-02  -3.0649e+00   1.2459e-01   2.2497e-01   3.2810e+03   2.8894e+03   2.9052e+03   3.2810e+03
  5.1535e-02   5.1631e-02  -2.9640e+00   1.1383e-01   2.2257e-01   3.8990e+03   3.4678e+03   3.4860e+03   3.8990e+03
  5.6943e-02   5.7085e-02  -2.8636e+00   8.2378e-02   2.1123e-01   4.5800e+03   4.1571e+03   4.1973e+03   4.5800e+03
  6.2917e-02   6.3081e-02  -2.7637e+00   9.5028e-02   2.0800e-01   5.5220e+03   4.9776e+03   5.0133e+03   5.5220e+03
  6.9519e-02   6.9694e-02  -2.6641e+00   9.1943e-02   1.9748e-01   6.5930e+03   5.9657e+03   6.0051e+03   6.5930e+03
  7.6813e-02   7.6989e-02  -2.5645e+00   7.0619e-02   1.8965e-01   7.7120e+03   7.1488e+03   7.1780e+03   7.7120e+03
  8.4873e-02   8.5050e-02  -2.4649e+00   8.6147e-02   1.7841e-01   9.3690e+03   8.5516e+03   8.5920e+03   9.3690e+03
  9.3778e-02   9.3932e-02  -2.3656e+00   4.9809e-02   1.6924e-01   1.0761e+04   1.0205e+04   1.0229e+04   1.0761e+04
  1.0362e-01   1.0380e-01  -2.2657e+00   5.7890e-02   1.6304e-01   1.2939e+04   1.2156e+04   1.2196e+04   1.2939e+04
  1.1449e-01   1.1469e-01  -2.1659e+00   2.5176e-02   1.4912e-01   1.4896e+04   1.4469e+04   1.4500e+04   1.4896e+04
  1.2650e-01   1.2670e-01  -2.0663e+00   3.8433e-02   1.4403e-01   1.7821e+04   1.7233e+04   1.7196e+04   1.7821e+04
  1.3978e-01   1.4007e-01  -1.9660e+00   3.3477e-02   1.3883e-01   2.0996e+04   2.0525e+04   2.0417e+04   2.0996e+04
  1.5444e-01   1.5480e-01  -1.8661e+00   2.7987e-02   1.3498e-01   2.5564e+04   2.4872e+04   2.4870e+04   2.5564e+04
  1.7065e-01   1.7101e-01  -1.7665e+00   3.1323e-02   1.3182e-01   3.1562e+04   3.0806e+04   3.0701e+04   3.1562e+04
  1.8855e-01   1.8889e-01  -1.6670e+00   5.2899e-02   1.3000e-01   3.8374e+04   3.7152e+04   3.6780e+04   3.8374e+04
  2.0834e-01   2.0869e-01  -1.5673e+00   4.0318e-02   1.2464e-01   4.4428e+04   4.3503e+04   4.3088e+04   4.4428e+04
  2.3020e-01   2.3059e-01  -1.4675e+00   3.6822e-02   1.1830e-01   5.2477e+04   5.0986e+04   5.0793e+04   5.2477e+04
  2.5435e-01   2.5476e-01  -1.3678e+00   2.1725e-02   1.0882e-01   6.0516e+04   5.9441e+04   5.9333e+04   6.0516e+04
  2.8104e-01   2.8160e-01  -1.2677e+00   2.4418e-02   9.9732e-02   6.9967e+04   6.8553e+04   6.8423e+04   6.9967e+04
  3.1052e-01   3.1111e-01  -1.1680e+00   1.7548e-02   9.7743e-02   8.1392e+04   8.0144e+04   8.0065e+04   8.1392e+04
  3.4311e-01   3.4364e-01  -1.0686e+00   1.2502e-02   9.8777e-02   9.4861e+04   9.5483e+04   9.4575e+04   9.4861e+04
  3.7911e-01   3.7960e-01  -9.6904e-01   1.2272e-02   1.0135e-01   1.0947e+05   1.1148e+05   1.0979e+05   1.0947e+05
  4.1888e-01   4.1932e-01  -8.6954e-01   8.0781e-03   9.8141e-02   1.2356e+05   1.2717e+05   1.2485e+05   1.2356e+05
  4.6284e-01   4.6352e-01  -7.6931e-01  -2.8628e-03   9.6281e-02   1.3645e+05   1.4454e+05   1.4070e+05   1.3645e+05
  5.1140e-01   5.1212e-01  -6.6961e-01  -6.7940e-03   9.2480e-02   1.5720e+05   1.6923e+05   1.6379e+05   1.5720e+05
  5.6506e-01   5.6584e-01  -5.6986e-01  -1.3431e-02   8.8841e-02   1.7941e+05   1.9548e+05   1.8876e+05   1.7941e+05
  6.2435e-01   6.2528e-01  -4.6997e-01  -1.8663e-02   8.5896e-02   2.0360e+05   2.2501e+05   2.1641e+05   2.0360e+05
  6.8986e-01   6.9093e-01  -3.7013e-01  -1.5336e-02   8.6363e-02   2.3666e+05   2.6085e+05   2.5076e+05   2.3666e+05
  7.6224e-01   7.6350e-01  -2.7026e-01  -1.2645e-02   8.9376e-02   2.7436e+05   2.9752e+05   2.8782e+05   2.7436e+05
  8.4222e-01   8.4353e-01  -1.7058e-01  -7.6853e-03   8.7033e-02   3.1706e+05   3.3468e+05   3.2716e+05   3.1706e+05
  9.3059e-01   9.3189e-01  -7.0951e-02  -1.0443e-02   8.1381e-02   3.5597e+05   3.6330e+05   3.6153e+05   3.5597e+05
  1.0282e+00   1.0289e+00   2.8063e-02  -3.0864e-03   8.2908e-02   3.8754e+05   3.7942e+05   3.8407e+05   3.8754e+05
  1.1361e+00   1.1368e+00   1.2781e-01   6.7059e-04   8.9325e-02   3.9792e+05   3.6890e+05   3.8329e+05   3.9792e+05
  1.2553e+00   1.2553e+00   2.2695e-01   5.7224e-03   9.7757e-02   3.8604e+05   3.3690e+05   3.6051e+05   3.8604e+05
  1.3870e+00   1.3833e+00   3.2406e-01   3.7498e-03   1.0865e-01   3.2413e+05   2.8634e+05   3.0470e+05   3.2413e+05
  1.5326e+00   1.5260e+00   4.2228e-01  -1.1865e-02   1.2902e-01   2.1032e+05   2.0268e+05   2.0770e+05   2.1032e+05
  1.6934e+00   1.6804e+00   5.1865e-01  -2.3284e-02   1.7957e-01   9.7075e+04   1.0493e+05   1.0222e+05   9.7075e+04
