## {'min_sep': 0.003, 'max_sep': 1.78, 'bin_size': 0.1, 'sep_units': 'deg', 'coords': 'spherical', 'metric': 'Euclidean', 'corr': 'NN', 'tot': 4923522.0}
#   r_nom       meanr       meanlogr        xi        sigma_xi        DD           RR           DR         npairs   
  3.1535e-03   3.1545e-03  -5.7593e+00   6.2284e-01   2.1810e-01   3.4000e+01   2.1033e+01   2.0966e+01   3.4000e+01
  3.4843e-03   3.4966e-03  -5.6563e+00   8.1058e-01   1.9820e-01   4.6000e+01   2.5468e+01   2.5412e+01   4.6000e+01
  3.8499e-03   3.8520e-03  -5.5595e+00   7.9125e-01   1.8020e-01   5.5000e+01   3.0811e+01   3.0716e+01   5.5000e+01
  4.2539e-03   4.2689e-03  -5.4568e+00   2.3261e-01   1.6385e-01   4.6000e+01   3.7266e+01   3.7299e+01   4.6000e+01
  4.7002e-03   4.7104e-03  -5.3584e+00   4.2193e-01   1.4906e-01   6.4000e+01   4.5030e+01   4.5015e+01   6.4000e+01
  5.1934e-03   5.2097e-03  -5.2575e+00   5.7309e-01   1.3562e-01   8.6000e+01   5.4396e+01   5.4611e+01   8.6000e+01
  5.7383e-03   5.7327e-03  -5.1620e+00   6.7937e-01   1.2341e-01   1.1000e+02   6.5692e+01   6.5531e+01   1.1000e+02
  6.3404e-03   6.3509e-03  -5.0595e+00   5.4073e-01   1.1229e-01   1.2200e+02   7.9343e+01   7.9220e+01   1.2200e+02
  7.0057e-03   7.0008e-03  -4.9621e+00   3.7627e-01   1.0219e-01   1.3100e+02   9.5803e+01   9.5378e+01   1.3100e+02
  7.7407e-03   7.7668e-03  -4.8582e+00   1.2353e-01   9.3014e-02   1.3000e+02   1.1564e+02   1.1568e+02   1.3000e+02
  8.5529e-03   8.5664e-03  -4.7603e+00   3.0097e-01   8.4703e-02   1.8000e+02   1.3945e+02   1.3874e+02   1.8000e+02
  9.4504e-03   9.4502e-03  -4.6621e+00   2.2548e-01   7.7168e-02   2.0600e+02   1.6801e+02   1.6806e+02   2.0600e+02
  1.0442e-02   1.0454e-02  -4.5612e+00   1.7451e-01   7.0326e-02   2.3600e+02   2.0229e+02   2.0149e+02   2.3600e+02
  1.1538e-02   1.1553e-02  -4.4613e+00   2.4155e-01   6.4117e-02   3.0200e+02   2.4337e+02   2.4329e+02   3.0200e+02
  1.2748e-02   1.2795e-02  -4.3591e+00   2.1163e-01   5.8494e-02   3.5200e+02   2.9241e+02   2.9126e+02   3.5200e+02
  1.4086e-02   1.4116e-02  -4.2609e+00   2.3691e-01   5.3392e-02   4.3300e+02   3.5095e+02   3.5040e+02   4.3300e+02
  1.5564e-02   1.5616e-02  -4.1598e+00   1.7168e-01   4.8772e-02   4.9300e+02   4.2059e+02   4.2069e+02   4.9300e+02
  1.7197e-02   1.7239e-02  -4.0610e+00   6.9680e-02   4.4578e-02   5.4100e+02   5.0347e+02   5.0469e+02   5.4100e+02
  1.9001e-02   1.9015e-02  -3.9629e+00   1.4448e-01   4.0781e-02   6.9200e+02   6.0159e+02   6.0333e+02   6.9200e+02
  2.0995e-02   2.1004e-02  -3.8634e+00   2.0374e-01   3.7297e-02   8.6700e+02   7.1922e+02   7.1985e+02   8.6700e+02
  2.3198e-02   2.3256e-02  -3.7616e+00   1.5163e-01   3.4080e-02   9.9500e+02   8.6142e+02   8.6290e+02   9.9500e+02
  2.5632e-02   2.5686e-02  -3.6622e+00   8.6003e-02   3.1101e-02   1.1340e+03   1.0343e+03   1.0397e+03   1.1340e+03
  2.8321e-02   2.8339e-02  -3.5639e+00   1.1646e-01   2.8371e-02   1.3920e+03   1.2430e+03   1.2451e+03   1.3920e+03
  3.1293e-02   3.1396e-02  -3.4615e+00   8.9187e-02   2.5865e-02   1.6250e+03   1.4954e+03   1.4935e+03   1.6250e+03
  3.4576e-02   3.4631e-02  -3.3634e+00   1.4157e-01   2.3586e-02   2.0620e+03   1.7984e+03   1.8029e+03   2.0620e+03
  3.8204e-02   3.8263e-02  -3.2637e+00   5.8381e-02   2.1507e-02   2.2970e+03   2.1629e+03   2.1668e+03   2.2970e+03
  4.2212e-02   4.2258e-02  -3.1644e+00   5.6509e-02   1.9620e-02   2.7450e+03   2.5989e+03   2.5985e+03   2.7450e+03
  4.6642e-02   4.6707e-02  -3.0643e+00   4.7958e-02   1.7902e-02   3.2580e+03   3.1216e+03   3.1150e+03   3.2580e+03
  5.1535e-02   5.1590e-02  -2.9648e+00   8.4243e-02   1.6341e-02   4.0480e+03   3.7468e+03   3.7396e+03   4.0480e+03
  5.6943e-02   5.7062e-02  -2.8640e+00   4.7676e-02   1.4926e-02   4.7110e+03   4.4906e+03   4.4938e+03   4.7110e+03
  6.2917e-02   6.3070e-02  -2.7639e+00   1.2008e-02   1.3639e-02   5.4000e+03   5.3780e+03   5.3567e+03   5.4000e+03
  6.9519e-02   6.9638e-02  -2.6649e+00   2.4019e-02   1.2460e-02   6.6220e+03   6.4444e+03   6.4558e+03   6.6220e+03
  7.6813e-02   7.6966e-02  -2.5648e+00   2.2710e-02   1.1382e-02   8.0060e+03   7.7230e+03   7.7768e+03   8.0060e+03
  8.4873e-02   8.5007e-02  -2.4654e+00   3.9997e-02   1.0404e-02   9.7250e+03   9.2420e+03   9.2987e+03   9.7250e+03
  9.3778e-02   9.3942e-02  -2.3655e+00   2.6446e-02   9.5254e-03   1.1428e+04   1.1027e+04   1.1081e+04   1.1428e+04
  1.0362e-01   1.0383e-01  -2.2654e+00   2.3428e-02   8.7286e-03   1.3667e+04   1.3131e+04   1.3245e+04   1.3667e+04
  1.1449e-01   1.1461e-01  -2.1666e+00   3.9668e-03   7.9999e-03   1.5844e+04   1.5633e+04   1.5707e+04   1.5844e+04
  1.2650e-01   1.2671e-01  -2.0663e+00   1.8525e-02   7.3307e-03   1.9071e+04   1.8617e+04   1.8672e+04   1.9071e+04
  1.3978e-01   1.4009e-01  -1.9659e+00   2.3018e-02   6.7160e-03   2.2908e+04   2.2181e+04   2.2289e+04   2.2908e+04
  1.5444e-01   1.5474e-01  -1.8664e+00   9.4513e-03   6.1035e-03   2.7611e+04   2.6857e+04   2.7107e+04   2.7611e+04
  1.7065e-01   1.7105e-01  -1.7662e+00   1.8084e-02   5.4815e-03   3.4687e+04   3.3297e+04   3.3691e+04   3.4687e+04
  1.8855e-01   1.8899e-01  -1.6665e+00   1.9903e-02   4.9922e-03   4.1686e+04   4.0145e+04   4.0516e+04   4.1686e+04
  2.0834e-01   2.0866e-01  -1.5675e+00   2.3622e-02   4.6139e-03   4.8846e+04   4.6997e+04   4.7366e+04   4.8846e+04
  2.3020e-01   2.3055e-01  -1.4677e+00   5.2369e-05   4.2627e-03   5.6072e+04   5.5059e+04   5.5564e+04   5.6072e+04
  2.5435e-01   2.5478e-01  -1.3678e+00   4.3935e-03   3.9465e-03   6.6014e+04   6.4237e+04   6.4984e+04   6.6014e+04
  2.8104e-01   2.8143e-01  -1.2683e+00   9.1587e-03   3.6755e-03   7.6314e+04   7.4057e+04   7.4846e+04   7.6314e+04
  3.1052e-01   3.1120e-01  -1.1677e+00   8.7267e-03   3.3992e-03   8.8929e+04   8.6587e+04   8.7380e+04   8.8929e+04
  3.4311e-01   3.4359e-01  -1.0687e+00   1.6761e-04   3.1151e-03   1.0495e+05   1.0310e+05   1.0401e+05   1.0495e+05
  3.7911e-01   3.7962e-01  -9.6900e-01   7.0320e-03   2.8825e-03   1.2248e+05   1.2041e+05   1.2103e+05   1.2248e+05
  4.1888e-01   4.1937e-01  -8.6942e-01  -1.8721e-03   2.6988e-03   1.3643e+05   1.3736e+05   1.3702e+05   1.3643e+05
  4.6284e-01   4.6343e-01  -7.6952e-01  -4.1696e-03   2.5303e-03   1.5110e+05   1.5626e+05   1.5401e+05   1.5110e+05
  5.1140e-01   5.1210e-01  -6.6965e-01  -1.2863e-03   2.3392e-03   1.7552e+05   1.8285e+05   1.7930e+05   1.7552e+05
  5.6506e-01   5.6607e-01  -5.6945e-01  -9.4150e-03   2.1756e-03   2.0044e+05   2.1138e+05   2.0690e+05   2.0044e+05
  6.2435e-01   6.2540e-01  -4.6978e-01  -7.6351e-03   2.0295e-03   2.3094e+05   2.4290e+05   2.3784e+05   2.3094e+05
  6.8986e-01   6.9084e-01  -3.7026e-01  -8.4160e-03   1.8836e-03   2.6670e+05   2.8200e+05   2.7553e+05   2.6670e+05
  7.6224e-01   7.6333e-01  -2.7048e-01  -9.8828e-03   1.7652e-03   3.0575e+05   3.2109e+05   3.1501e+05   3.0575e+05
  8.4222e-01   8.4330e-01  -1.7085e-01  -8.8347e-03   1.6625e-03   3.4797e+05   3.6200e+05   3.5658e+05   3.4797e+05
  9.3059e-01   9.3159e-01  -7.1276e-02   3.2533e-04   1.5965e-03   3.8540e+05   3.9254e+05   3.8891e+05   3.8540e+05
  1.0282e+00   1.0288e+00   2.7964e-02   2.6472e-04   1.5628e-03   4.1245e+05   4.0966e+05   4.1100e+05   4.1245e+05
  1.1361e+00   1.1365e+00   1.2752e-01  -1.7814e-03   1.5840e-03   4.1078e+05   3.9875e+05   4.0512e+05   4.1078e+05
  1.2553e+00   1.2550e+00   2.2674e-01   4.4076e-03   1.6583e-03   3.8980e+05   3.6383e+05   3.7601e+05   3.8980e+05
  1.3870e+00   1.3837e+00   3.2432e-01   3.7767e-05   1.7982e-03   3.2395e+05   3.0940e+05   3.1667e+05   3.2395e+05
  1.5326e+00   1.5276e+00   4.2332e-01   7.8058e-03   2.1376e-03   2.2497e+05   2.1895e+05   2.2111e+05   2.2497e+05
  1.6934e+00   1.6810e+00   5.1903e-01  -7.7025e-03   2.9720e-03   1.1043e+05   1.1327e+05   1.1229e+05   1.1043e+05
