## {'min_sep': 0.003, 'max_sep': 1.78, 'bin_size': 0.1, 'sep_units': 'deg', 'coords': 'spherical', 'metric': 'Euclidean', 'corr': 'NN', 'tot': 27476284.5}
#   r_nom       meanr       meanlogr        xi        sigma_xi        DD           RR           DR         npairs   
  3.1535e-03   3.1381e-03  -5.7646e+00   2.8933e-01   9.2346e-02   1.5100e+02   1.1739e+02   1.1721e+02   1.5100e+02
  3.4843e-03   3.4913e-03  -5.6578e+00   3.1316e-01   8.3928e-02   1.8600e+02   1.4212e+02   1.4181e+02   1.8600e+02
  3.8499e-03   3.8555e-03  -5.5587e+00   1.1838e-01   7.6304e-02   1.9200e+02   1.7194e+02   1.7179e+02   1.9200e+02
  4.2539e-03   4.2538e-03  -5.4603e+00   1.4160e-01   6.9384e-02   2.3800e+02   2.0795e+02   2.0825e+02   2.3800e+02
  4.7002e-03   4.6939e-03  -5.3619e+00   1.4270e-01   6.3118e-02   2.8700e+02   2.5129e+02   2.5122e+02   2.8700e+02
  5.1934e-03   5.1987e-03  -5.2597e+00   1.7734e-01   5.7425e-02   3.5700e+02   3.0358e+02   3.0337e+02   3.5700e+02
  5.7383e-03   5.7566e-03  -5.1578e+00   1.5509e-01   5.2257e-02   4.2300e+02   3.6660e+02   3.6637e+02   4.2300e+02
  6.3404e-03   6.3611e-03  -5.0580e+00   5.3227e-02   4.7551e-02   4.6500e+02   4.4276e+02   4.4210e+02   4.6500e+02
  7.0057e-03   7.0226e-03  -4.9590e+00   1.3011e-01   4.3271e-02   6.0400e+02   5.3467e+02   5.3455e+02   6.0400e+02
  7.7407e-03   7.7526e-03  -4.8602e+00   1.6981e-01   3.9387e-02   7.5400e+02   6.4531e+02   6.4486e+02   7.5400e+02
  8.5529e-03   8.5665e-03  -4.7603e+00   9.8377e-02   3.5869e-02   8.5500e+02   7.7813e+02   7.7829e+02   8.5500e+02
  9.4504e-03   9.4675e-03  -4.6603e+00   9.7676e-02   3.2675e-02   1.0300e+03   9.3765e+02   9.3803e+02   1.0300e+03
  1.0442e-02   1.0466e-02  -4.5600e+00   9.5250e-02   2.9778e-02   1.2390e+03   1.1290e+03   1.1302e+03   1.2390e+03
  1.1538e-02   1.1550e-02  -4.4615e+00   1.2471e-01   2.7151e-02   1.5340e+03   1.3581e+03   1.3613e+03   1.5340e+03
  1.2748e-02   1.2770e-02  -4.3610e+00   9.0412e-02   2.4770e-02   1.7810e+03   1.6317e+03   1.6326e+03   1.7810e+03
  1.4086e-02   1.4111e-02  -4.2612e+00   6.4555e-02   2.2608e-02   2.0910e+03   1.9586e+03   1.9616e+03   2.0910e+03
  1.5564e-02   1.5591e-02  -4.1614e+00   3.6309e-02   2.0651e-02   2.4400e+03   2.3474e+03   2.3511e+03   2.4400e+03
  1.7197e-02   1.7240e-02  -4.0610e+00   5.3987e-02   1.8877e-02   2.9650e+03   2.8094e+03   2.8114e+03   2.9650e+03
  1.9001e-02   1.9040e-02  -3.9616e+00   8.3448e-02   1.7268e-02   3.6470e+03   3.3575e+03   3.3621e+03   3.6470e+03
  2.0995e-02   2.1034e-02  -3.8620e+00   3.6952e-02   1.5793e-02   4.1580e+03   4.0136e+03   4.0116e+03   4.1580e+03
  2.3198e-02   2.3226e-02  -3.7629e+00   7.2192e-02   1.4431e-02   5.1450e+03   4.8073e+03   4.8026e+03   5.1450e+03
  2.5632e-02   2.5675e-02  -3.6626e+00   4.7829e-02   1.3170e-02   6.0670e+03   5.7715e+03   5.7812e+03   6.0670e+03
  2.8321e-02   2.8374e-02  -3.5627e+00   4.7673e-02   1.2013e-02   7.3040e+03   6.9373e+03   6.9553e+03   7.3040e+03
  3.1293e-02   3.1372e-02  -3.4622e+00   3.2232e-02   1.0954e-02   8.6600e+03   8.3435e+03   8.3673e+03   8.6600e+03
  3.4576e-02   3.4643e-02  -3.3631e+00   4.8596e-02   9.9867e-03   1.0601e+04   1.0038e+04   1.0075e+04   1.0601e+04
  3.8204e-02   3.8304e-02  -3.2626e+00   4.9808e-02   9.1077e-03   1.2756e+04   1.2069e+04   1.2112e+04   1.2756e+04
  4.2212e-02   4.2278e-02  -3.1639e+00   4.4892e-02   8.3072e-03   1.5278e+04   1.4507e+04   1.4567e+04   1.5278e+04
  4.6642e-02   4.6727e-02  -3.0639e+00   2.7380e-02   7.5803e-03   1.8116e+04   1.7422e+04   1.7531e+04   1.8116e+04
  5.1535e-02   5.1637e-02  -2.9639e+00   5.3239e-02   6.9200e-03   2.2282e+04   2.0906e+04   2.1037e+04   2.2282e+04
  5.6943e-02   5.7072e-02  -2.8639e+00   4.3786e-02   6.3200e-03   2.6399e+04   2.5064e+04   2.5183e+04   2.6399e+04
  6.2917e-02   6.3039e-02  -2.7644e+00   1.3496e-02   5.7752e-03   3.0760e+04   3.0016e+04   3.0185e+04   3.0760e+04
  6.9519e-02   6.9692e-02  -2.6641e+00   3.5415e-02   5.2759e-03   3.7463e+04   3.5966e+04   3.6078e+04   3.7463e+04
  7.6813e-02   7.6952e-02  -2.5650e+00   3.3335e-02   4.8197e-03   4.4670e+04   4.3097e+04   4.3165e+04   4.4670e+04
  8.4873e-02   8.5039e-02  -2.4651e+00   2.8436e-02   4.4061e-03   5.2965e+04   5.1568e+04   5.1533e+04   5.2965e+04
  9.3778e-02   9.3968e-02  -2.3652e+00   2.2991e-02   4.0339e-03   6.2768e+04   6.1522e+04   6.1438e+04   6.2768e+04
  1.0362e-01   1.0380e-01  -2.2657e+00   1.9532e-02   3.6953e-03   7.5051e+04   7.3312e+04   7.3465e+04   7.5051e+04
  1.1449e-01   1.1468e-01  -2.1660e+00   1.4292e-02   3.3879e-03   8.8914e+04   8.7219e+04   8.7443e+04   8.8914e+04
  1.2650e-01   1.2671e-01  -2.0663e+00   2.2318e-02   3.1039e-03   1.0626e+05   1.0391e+05   1.0393e+05   1.0626e+05
  1.3978e-01   1.4004e-01  -1.9663e+00   2.3293e-02   2.8443e-03   1.2695e+05   1.2375e+05   1.2391e+05   1.2695e+05
  1.5444e-01   1.5473e-01  -1.8665e+00   1.9067e-02   2.5841e-03   1.5286e+05   1.4993e+05   1.4996e+05   1.5286e+05
  1.7065e-01   1.7102e-01  -1.7664e+00   1.5044e-02   2.3213e-03   1.8865e+05   1.8579e+05   1.8583e+05   1.8865e+05
  1.8855e-01   1.8891e-01  -1.6669e+00   1.5833e-02   2.1143e-03   2.2765e+05   2.2395e+05   2.2402e+05   2.2765e+05
  2.0834e-01   2.0866e-01  -1.5675e+00   1.8570e-02   1.9532e-03   2.6579e+05   2.6242e+05   2.6167e+05   2.6579e+05
  2.3020e-01   2.3059e-01  -1.4675e+00   1.5727e-02   1.8051e-03   3.1132e+05   3.0724e+05   3.0686e+05   3.1132e+05
  2.5435e-01   2.5472e-01  -1.3680e+00   1.0339e-02   1.6709e-03   3.5795e+05   3.5859e+05   3.5642e+05   3.5795e+05
  2.8104e-01   2.8144e-01  -1.2682e+00   1.0919e-02   1.5564e-03   4.1600e+05   4.1328e+05   4.1239e+05   4.1600e+05
  3.1052e-01   3.1110e-01  -1.1681e+00   8.0537e-03   1.4393e-03   4.8334e+05   4.8323e+05   4.8134e+05   4.8334e+05
  3.4311e-01   3.4367e-01  -1.0685e+00   2.2571e-03   1.3193e-03   5.6997e+05   5.7520e+05   5.7193e+05   5.6997e+05
  3.7911e-01   3.7967e-01  -9.6887e-01   7.4378e-03   1.2208e-03   6.6142e+05   6.7173e+05   6.6408e+05   6.6142e+05
  4.1888e-01   4.1948e-01  -8.6916e-01   3.2913e-03   1.1426e-03   7.4385e+05   7.6680e+05   7.5406e+05   7.4385e+05
  4.6284e-01   4.6357e-01  -7.6920e-01   8.7835e-04   1.0715e-03   8.4048e+05   8.7189e+05   8.5581e+05   8.4048e+05
  5.1140e-01   5.1212e-01  -6.6961e-01  -4.1620e-03   9.9010e-04   9.7806e+05   1.0212e+06   1.0018e+06   9.7806e+05
  5.6506e-01   5.6590e-01  -5.6975e-01  -5.6050e-03   9.2166e-04   1.1211e+06   1.1785e+06   1.1531e+06   1.1211e+06
  6.2435e-01   6.2536e-01  -4.6985e-01  -6.0528e-03   8.5921e-04   1.2801e+06   1.3561e+06   1.3222e+06   1.2801e+06
  6.8986e-01   6.9077e-01  -3.7036e-01  -1.1389e-02   7.9789e-04   1.4816e+06   1.5725e+06   1.5360e+06   1.4816e+06
  7.6224e-01   7.6339e-01  -2.7040e-01  -9.3143e-03   7.4723e-04   1.6952e+06   1.7929e+06   1.7524e+06   1.6952e+06
  8.4222e-01   8.4341e-01  -1.7072e-01  -4.8503e-03   7.0414e-04   1.9603e+06   2.0191e+06   1.9946e+06   1.9603e+06
  9.3059e-01   9.3185e-01  -7.0994e-02  -2.7170e-03   6.7603e-04   2.1732e+06   2.1905e+06   2.1848e+06   2.1732e+06
  1.0282e+00   1.0286e+00   2.7821e-02   2.0033e-03   6.6149e-04   2.3328e+06   2.2879e+06   2.3080e+06   2.3328e+06
  1.1361e+00   1.1367e+00   1.2775e-01   1.2003e-03   6.7092e-04   2.3339e+06   2.2240e+06   2.2776e+06   2.3339e+06
  1.2553e+00   1.2549e+00   2.2667e-01   1.6619e-03   7.0209e-04   2.2086e+06   2.0309e+06   2.1181e+06   2.2086e+06
  1.3870e+00   1.3836e+00   3.2428e-01   2.6897e-04   7.6149e-04   1.8837e+06   1.7264e+06   1.8048e+06   1.8837e+06
  1.5326e+00   1.5271e+00   4.2296e-01  -3.3151e-03   9.0509e-04   1.2521e+06   1.2221e+06   1.2391e+06   1.2521e+06
  1.6934e+00   1.6804e+00   5.1865e-01  -6.7062e-03   1.2585e-03   6.0540e+05   6.3206e+05   6.2085e+05   6.0540e+05
