## {'min_sep': 0.003, 'max_sep': 1.78, 'bin_size': 0.1, 'sep_units': 'deg', 'coords': 'spherical', 'metric': 'Euclidean', 'corr': 'NN', 'tot': 4557180.5}
#   r_nom       meanr       meanlogr        xi        sigma_xi        DD           RR           DR         npairs   
  3.1535e-03   3.1416e-03  -5.7634e+00   6.3504e-01   2.2670e-01   3.2000e+01   1.9467e+01   1.9552e+01   3.2000e+01
  3.4843e-03   3.4577e-03  -5.6675e+00   1.0380e+00   2.0601e-01   4.8000e+01   2.3574e+01   2.3552e+01   4.8000e+01
  3.8499e-03   3.8687e-03  -5.5553e+00   7.2145e-01   1.8729e-01   4.9000e+01   2.8521e+01   2.8472e+01   4.9000e+01
  4.2539e-03   4.2600e-03  -5.4589e+00   6.5621e-01   1.7032e-01   5.7000e+01   3.4489e+01   3.4429e+01   5.7000e+01
  4.7002e-03   4.6990e-03  -5.3609e+00   4.1052e-01   1.5493e-01   5.9000e+01   4.1679e+01   4.1784e+01   5.9000e+01
  5.1934e-03   5.2027e-03  -5.2591e+00   6.5930e-01   1.4096e-01   8.4000e+01   5.0348e+01   5.0577e+01   8.4000e+01
  5.7383e-03   5.7287e-03  -5.1626e+00   7.4285e-01   1.2827e-01   1.0600e+02   6.0805e+01   6.0818e+01   1.0600e+02
  6.3404e-03   6.3637e-03  -5.0575e+00   6.5777e-01   1.1672e-01   1.2200e+02   7.3437e+01   7.3566e+01   1.2200e+02
  7.0057e-03   7.0364e-03  -4.9570e+00   5.0761e-01   1.0621e-01   1.3400e+02   8.8681e+01   8.8833e+01   1.3400e+02
  7.7407e-03   7.7429e-03  -4.8613e+00   4.6559e-01   9.6682e-02   1.5700e+02   1.0703e+02   1.0710e+02   1.5700e+02
  8.5529e-03   8.5292e-03  -4.7647e+00   2.4685e-01   8.8046e-02   1.6200e+02   1.2906e+02   1.2960e+02   1.6200e+02
  9.4504e-03   9.4551e-03  -4.6617e+00   2.2850e-01   8.0203e-02   1.9200e+02   1.5553e+02   1.5600e+02   1.9200e+02
  1.0442e-02   1.0453e-02  -4.5613e+00   2.6221e-01   7.3096e-02   2.3800e+02   1.8724e+02   1.8807e+02   2.3800e+02
  1.1538e-02   1.1548e-02  -4.4617e+00   2.4070e-01   6.6647e-02   2.8000e+02   2.2524e+02   2.2551e+02   2.8000e+02
  1.2748e-02   1.2790e-02  -4.3595e+00   2.8201e-01   6.0799e-02   3.4900e+02   2.7065e+02   2.7166e+02   3.4900e+02
  1.4086e-02   1.4103e-02  -4.2618e+00   1.9402e-01   5.5497e-02   3.8900e+02   3.2483e+02   3.2541e+02   3.8900e+02
  1.5564e-02   1.5610e-02  -4.1603e+00   1.3849e-01   5.0691e-02   4.4100e+02   3.8934e+02   3.8821e+02   4.4100e+02
  1.7197e-02   1.7188e-02  -4.0640e+00   2.6453e-01   4.6336e-02   5.9000e+02   4.6597e+02   4.6635e+02   5.9000e+02
  1.9001e-02   1.9020e-02  -3.9627e+00   2.5237e-01   4.2386e-02   6.9700e+02   5.5686e+02   5.5666e+02   6.9700e+02
  2.0995e-02   2.1045e-02  -3.8615e+00   6.0663e-02   3.8768e-02   7.0900e+02   6.6566e+02   6.6714e+02   7.0900e+02
  2.3198e-02   2.3205e-02  -3.7638e+00   8.7162e-02   3.5423e-02   8.7100e+02   7.9732e+02   7.9941e+02   8.7100e+02
  2.5632e-02   2.5674e-02  -3.6627e+00   1.5886e-01   3.2326e-02   1.1250e+03   9.5739e+02   9.6515e+02   1.1250e+03
  2.8321e-02   2.8393e-02  -3.5620e+00   2.1107e-01   2.9488e-02   1.4070e+03   1.1505e+03   1.1573e+03   1.4070e+03
  3.1293e-02   3.1337e-02  -3.4634e+00   6.8680e-02   2.6888e-02   1.5010e+03   1.3838e+03   1.3949e+03   1.5010e+03
  3.4576e-02   3.4640e-02  -3.3632e+00   9.0695e-02   2.4513e-02   1.8510e+03   1.6649e+03   1.6825e+03   1.8510e+03
  3.8204e-02   3.8293e-02  -3.2629e+00   4.0985e-02   2.2355e-02   2.1190e+03   2.0020e+03   2.0195e+03   2.1190e+03
  4.2212e-02   4.2262e-02  -3.1643e+00   1.4069e-01   2.0393e-02   2.7790e+03   2.4057e+03   2.4231e+03   2.7790e+03
  4.6642e-02   4.6706e-02  -3.0643e+00   1.3321e-01   1.8608e-02   3.3080e+03   2.8893e+03   2.9062e+03   3.3080e+03
  5.1535e-02   5.1625e-02  -2.9642e+00   9.7335e-02   1.6986e-02   3.8420e+03   3.4676e+03   3.4860e+03   3.8420e+03
  5.6943e-02   5.7031e-02  -2.8646e+00   7.7565e-02   1.5513e-02   4.5650e+03   4.1573e+03   4.1999e+03   4.5650e+03
  6.2917e-02   6.3007e-02  -2.7649e+00   9.5032e-02   1.4177e-02   5.5140e+03   4.9773e+03   5.0092e+03   5.5140e+03
  6.9519e-02   6.9643e-02  -2.6648e+00   9.9599e-02   1.2951e-02   6.6410e+03   5.9648e+03   6.0058e+03   6.6410e+03
  7.6813e-02   7.7011e-02  -2.5642e+00   6.4462e-02   1.1831e-02   7.6990e+03   7.1480e+03   7.1931e+03   7.6990e+03
  8.4873e-02   8.5049e-02  -2.4649e+00   9.6957e-02   1.0814e-02   9.4370e+03   8.5545e+03   8.5810e+03   9.4370e+03
  9.3778e-02   9.3971e-02  -2.3652e+00   4.8784e-02   9.9012e-03   1.0740e+04   1.0205e+04   1.0224e+04   1.0740e+04
  1.0362e-01   1.0379e-01  -2.2658e+00   5.7599e-02   9.0710e-03   1.2890e+04   1.2159e+04   1.2174e+04   1.2890e+04
  1.1449e-01   1.1467e-01  -2.1661e+00   2.7903e-02   8.3159e-03   1.4942e+04   1.4467e+04   1.4503e+04   1.4942e+04
  1.2650e-01   1.2674e-01  -2.0660e+00   3.4596e-02   7.6202e-03   1.7770e+04   1.7229e+04   1.7202e+04   1.7770e+04
  1.3978e-01   1.4004e-01  -1.9663e+00   3.3924e-02   6.9802e-03   2.0978e+04   2.0533e+04   2.0407e+04   2.0978e+04
  1.5444e-01   1.5480e-01  -1.8661e+00   2.8731e-02   6.3428e-03   2.5601e+04   2.4868e+04   2.4877e+04   2.5601e+04
  1.7065e-01   1.7097e-01  -1.7667e+00   2.8393e-02   5.6992e-03   3.1393e+04   3.0801e+04   3.0660e+04   3.1393e+04
  1.8855e-01   1.8888e-01  -1.6670e+00   5.7303e-02   5.1884e-03   3.8630e+04   3.7164e+04   3.6832e+04   3.8630e+04
  2.0834e-01   2.0872e-01  -1.5672e+00   4.0385e-02   4.7948e-03   4.4368e+04   4.3517e+04   4.3064e+04   4.4368e+04
  2.3020e-01   2.3061e-01  -1.4674e+00   3.6164e-02   4.4311e-03   5.2509e+04   5.0954e+04   5.0810e+04   5.2509e+04
  2.5435e-01   2.5474e-01  -1.3679e+00   2.0065e-02   4.1014e-03   6.0338e+04   5.9474e+04   5.9310e+04   6.0338e+04
  2.8104e-01   2.8159e-01  -1.2677e+00   2.6771e-02   3.8214e-03   7.0137e+04   6.8511e+04   6.8407e+04   7.0137e+04
  3.1052e-01   3.1111e-01  -1.1680e+00   1.7463e-02   3.5310e-03   8.1336e+04   8.0242e+04   8.0088e+04   8.1336e+04
  3.4311e-01   3.4363e-01  -1.0686e+00   9.1223e-03   3.2381e-03   9.4784e+04   9.5415e+04   9.4664e+04   9.4784e+04
  3.7911e-01   3.7957e-01  -9.6913e-01   1.2270e-02   2.9972e-03   1.0948e+05   1.1137e+05   1.0974e+05   1.0948e+05
  4.1888e-01   4.1933e-01  -8.6952e-01   1.1242e-02   2.8057e-03   1.2378e+05   1.2709e+05   1.2472e+05   1.2378e+05
  4.6284e-01   4.6355e-01  -7.6926e-01  -4.8306e-03   2.6296e-03   1.3632e+05   1.4468e+05   1.4085e+05   1.3632e+05
  5.1140e-01   5.1209e-01  -6.6965e-01  -8.2297e-03   2.4305e-03   1.5708e+05   1.6936e+05   1.6392e+05   1.5708e+05
  5.6506e-01   5.6582e-01  -5.6989e-01  -1.1812e-02   2.2626e-03   1.7954e+05   1.9543e+05   1.8864e+05   1.7954e+05
  6.2435e-01   6.2529e-01  -4.6995e-01  -1.8754e-02   2.1093e-03   2.0366e+05   2.2486e+05   2.1637e+05   2.0366e+05
  6.8986e-01   6.9091e-01  -3.7016e-01  -1.5678e-02   1.9578e-03   2.3637e+05   2.6102e+05   2.5074e+05   2.3637e+05
  7.6224e-01   7.6348e-01  -2.7029e-01  -1.3182e-02   1.8343e-03   2.7467e+05   2.9733e+05   2.8796e+05   2.7467e+05
  8.4222e-01   8.4356e-01  -1.7054e-01  -5.5521e-03   1.7286e-03   3.1708e+05   3.3483e+05   3.2688e+05   3.1708e+05
  9.3059e-01   9.3192e-01  -7.0921e-02  -1.0892e-02   1.6592e-03   3.5593e+05   3.6341e+05   3.6165e+05   3.5593e+05
  1.0282e+00   1.0289e+00   2.8058e-02  -5.2346e-03   1.6241e-03   3.8737e+05   3.7928e+05   3.8432e+05   3.8737e+05
  1.1361e+00   1.1368e+00   1.2781e-01   2.5604e-03   1.6466e-03   3.9821e+05   3.6898e+05   3.8312e+05   3.9821e+05
  1.2553e+00   1.2553e+00   2.2699e-01   5.4971e-03   1.7235e-03   3.8594e+05   3.3682e+05   3.6045e+05   3.8594e+05
  1.3870e+00   1.3833e+00   3.2409e-01   4.5524e-03   1.8688e-03   3.2416e+05   2.8646e+05   3.0466e+05   3.2416e+05
  1.5326e+00   1.5261e+00   4.2232e-01  -1.3798e-02   2.2224e-03   2.1024e+05   2.0256e+05   2.0780e+05   2.1024e+05
  1.6934e+00   1.6805e+00   5.1867e-01  -2.3016e-02   3.0885e-03   9.7034e+04   1.0488e+05   1.0217e+05   9.7034e+04
