## {'min_sep': 0.003, 'max_sep': 1.78, 'bin_size': 0.1, 'sep_units': 'deg', 'var_method': 'bootstrap', 'coords': 'spherical', 'metric': 'Euclidean', 'corr': 'NN', 'tot': 2679612.5}
#   r_nom       meanr       meanlogr        xi        sigma_xi        DD           RR           DR         npairs   
  3.1535e-03   3.1496e-03  -5.7607e+00   8.0714e-01   4.0820e-01   2.5000e+01   1.3890e+01   1.3839e+01   2.5000e+01
  3.4843e-03   3.5157e-03  -5.6509e+00   3.7631e-01   4.5484e-01   2.3000e+01   1.6809e+01   1.6742e+01   2.3000e+01
  3.8499e-03   3.8613e-03  -5.5572e+00   5.2492e-01   3.7601e-01   3.1000e+01   2.0329e+01   2.0329e+01   3.1000e+01
  4.2539e-03   4.2933e-03  -5.4511e+00   6.2479e-01   4.2223e-01   4.0000e+01   2.4574e+01   2.4610e+01   4.0000e+01
  4.7002e-03   4.6872e-03  -5.3633e+00   4.2893e-01   3.3945e-01   4.2000e+01   2.9680e+01   2.9475e+01   4.2000e+01
  5.1934e-03   5.2279e-03  -5.2542e+00   5.1671e-01   3.3149e-01   5.4000e+01   3.5829e+01   3.5658e+01   5.4000e+01
  5.7383e-03   5.7686e-03  -5.1558e+00   6.5451e-01   3.3249e-01   7.1000e+01   4.3240e+01   4.2969e+01   7.1000e+01
  6.3404e-03   6.3339e-03  -5.0622e+00   4.3348e-01   3.3318e-01   7.4000e+01   5.2169e+01   5.1777e+01   7.4000e+01
  7.0057e-03   6.9734e-03  -4.9660e+00   5.2167e-01   3.0170e-01   9.5000e+01   6.2912e+01   6.2546e+01   9.5000e+01
  7.7407e-03   7.7584e-03  -4.8594e+00   3.7333e-01   3.0785e-01   1.0300e+02   7.5788e+01   7.5247e+01   1.0300e+02
  8.5529e-03   8.5918e-03  -4.7574e+00   2.0350e-01   2.9205e-01   1.0900e+02   9.1197e+01   9.0819e+01   1.0900e+02
  9.4504e-03   9.4532e-03  -4.6617e+00   2.1762e-01   3.0487e-01   1.3200e+02   1.0964e+02   1.0889e+02   1.3200e+02
  1.0442e-02   1.0500e-02  -4.5568e+00   4.3767e-01   2.8721e-01   1.8800e+02   1.3165e+02   1.3102e+02   1.8800e+02
  1.1538e-02   1.1554e-02  -4.4611e+00   1.9326e-01   2.7710e-01   1.8600e+02   1.5785e+02   1.5667e+02   1.8600e+02
  1.2748e-02   1.2757e-02  -4.3621e+00   1.7753e-01   2.9101e-01   2.2000e+02   1.8896e+02   1.8771e+02   2.2000e+02
  1.4086e-02   1.4100e-02  -4.2620e+00   3.3462e-01   2.9370e-01   2.9900e+02   2.2580e+02   2.2462e+02   2.9900e+02
  1.5564e-02   1.5640e-02  -4.1583e+00   1.2882e-01   2.8819e-01   3.0000e+02   2.6925e+02   2.6728e+02   3.0000e+02
  1.7197e-02   1.7177e-02  -4.0646e+00   9.7142e-02   2.8205e-01   3.4500e+02   3.2021e+02   3.1705e+02   3.4500e+02
  1.9001e-02   1.9056e-02  -3.9608e+00   1.9135e-01   2.9198e-01   4.4900e+02   3.8048e+02   3.7834e+02   4.4900e+02
  2.0995e-02   2.1028e-02  -3.8623e+00   1.1538e-01   2.8061e-01   4.9700e+02   4.5250e+02   4.4865e+02   4.9700e+02
  2.3198e-02   2.3239e-02  -3.7623e+00   8.7148e-02   2.8053e-01   5.7000e+02   5.3963e+02   5.3130e+02   5.7000e+02
  2.5632e-02   2.5665e-02  -3.6630e+00   5.9302e-02   2.7901e-01   6.7000e+02   6.4588e+02   6.3879e+02   6.7000e+02
  2.8321e-02   2.8392e-02  -3.5621e+00   1.1611e-01   2.7000e-01   8.4600e+02   7.7430e+02   7.6520e+02   8.4600e+02
  3.1293e-02   3.1391e-02  -3.4616e+00   1.0530e-01   2.7033e-01   1.0100e+03   9.3092e+02   9.2145e+02   1.0100e+03
  3.4576e-02   3.4661e-02  -3.3626e+00   1.3932e-01   2.6716e-01   1.2540e+03   1.1218e+03   1.1097e+03   1.2540e+03
  3.8204e-02   3.8255e-02  -3.2639e+00   1.4310e-01   2.6362e-01   1.5400e+03   1.3540e+03   1.3501e+03   1.5400e+03
  4.2212e-02   4.2325e-02  -3.1628e+00   6.8865e-02   2.5887e-01   1.7290e+03   1.6289e+03   1.6229e+03   1.7290e+03
  4.6642e-02   4.6744e-02  -3.0635e+00   7.4059e-02   2.4932e-01   2.0840e+03   1.9519e+03   1.9457e+03   2.0840e+03
  5.1535e-02   5.1627e-02  -2.9641e+00   8.4744e-02   2.4572e-01   2.5080e+03   2.3327e+03   2.3215e+03   2.5080e+03
  5.6943e-02   5.7023e-02  -2.8647e+00   8.4514e-02   2.3794e-01   3.0010e+03   2.7838e+03   2.7748e+03   3.0010e+03
  6.2917e-02   6.3043e-02  -2.7644e+00   5.4462e-02   2.2935e-01   3.5020e+03   3.3231e+03   3.3221e+03   3.5020e+03
  6.9519e-02   6.9651e-02  -2.6647e+00   4.2970e-02   2.1925e-01   4.1500e+03   3.9737e+03   3.9765e+03   4.1500e+03
  7.6813e-02   7.6941e-02  -2.5651e+00   7.1854e-02   2.0803e-01   5.1570e+03   4.7477e+03   4.7818e+03   5.1570e+03
  8.4873e-02   8.4998e-02  -2.4655e+00   4.1719e-02   1.8905e-01   5.9780e+03   5.6750e+03   5.7081e+03   5.9780e+03
  9.3778e-02   9.3903e-02  -2.3659e+00   5.2096e-02   1.7397e-01   7.2130e+03   6.7508e+03   6.8060e+03   7.2130e+03
  1.0362e-01   1.0384e-01  -2.2653e+00   5.6192e-02   1.5603e-01   8.5140e+03   7.9996e+03   8.0320e+03   8.5140e+03
  1.1449e-01   1.1468e-01  -2.1660e+00   4.7297e-02   1.3763e-01   1.0166e+04   9.4341e+03   9.5769e+03   1.0166e+04
  1.2650e-01   1.2675e-01  -2.0659e+00   2.8652e-02   1.2336e-01   1.1618e+04   1.1118e+04   1.1209e+04   1.1618e+04
  1.3978e-01   1.4003e-01  -1.9663e+00   1.6759e-02   1.1145e-01   1.3398e+04   1.3225e+04   1.3201e+04   1.3398e+04
  1.5444e-01   1.5474e-01  -1.8664e+00   4.7718e-02   1.1340e-01   1.6582e+04   1.5951e+04   1.5886e+04   1.6582e+04
  1.7065e-01   1.7099e-01  -1.7665e+00  -2.7459e-03   1.1194e-01   2.0010e+04   1.9774e+04   1.9919e+04   2.0010e+04
  1.8855e-01   1.8883e-01  -1.6673e+00   1.6858e-02   1.1655e-01   2.4468e+04   2.4007e+04   2.4035e+04   2.4468e+04
  2.0834e-01   2.0863e-01  -1.5676e+00   2.6422e-02   1.2269e-01   2.8663e+04   2.7881e+04   2.7904e+04   2.8663e+04
  2.3020e-01   2.3060e-01  -1.4675e+00   2.6470e-03   1.1967e-01   3.3083e+04   3.2841e+04   3.2919e+04   3.3083e+04
  2.5435e-01   2.5477e-01  -1.3678e+00   8.0542e-03   1.1187e-01   3.8484e+04   3.8255e+04   3.8216e+04   3.8484e+04
  2.8104e-01   2.8148e-01  -1.2681e+00   1.7440e-02   1.0120e-01   4.4860e+04   4.4175e+04   4.4132e+04   4.4860e+04
  3.1052e-01   3.1113e-01  -1.1679e+00   1.7963e-02   9.0894e-02   5.2300e+04   5.1068e+04   5.1225e+04   5.2300e+04
  3.4311e-01   3.4359e-01  -1.0687e+00   2.8327e-02   9.0495e-02   6.3028e+04   6.1282e+04   6.1287e+04   6.3028e+04
  3.7911e-01   3.7976e-01  -9.6863e-01   1.4875e-02   9.4556e-02   7.3842e+04   7.1608e+04   7.2192e+04   7.3842e+04
  4.1888e-01   4.1952e-01  -8.6905e-01   1.4770e-02   8.9257e-02   8.4147e+04   8.2036e+04   8.2486e+04   8.4147e+04
  4.6284e-01   4.6352e-01  -7.6933e-01   8.1896e-03   8.5314e-02   9.4893e+04   9.3341e+04   9.3735e+04   9.4893e+04
  5.1140e-01   5.1215e-01  -6.6955e-01   1.5360e-02   9.0525e-02   1.1055e+05   1.0997e+05   1.0941e+05   1.1055e+05
  5.6506e-01   5.6582e-01  -5.6989e-01   5.7813e-03   8.7885e-02   1.2507e+05   1.2602e+05   1.2518e+05   1.2507e+05
  6.2435e-01   6.2515e-01  -4.7018e-01   3.9363e-03   8.2459e-02   1.3694e+05   1.3982e+05   1.3810e+05   1.3694e+05
  6.8986e-01   6.9093e-01  -3.7013e-01   5.4792e-03   8.5409e-02   1.5583e+05   1.5833e+05   1.5665e+05   1.5583e+05
  7.6224e-01   7.6313e-01  -2.7074e-01  -2.0562e-03   8.3999e-02   1.7719e+05   1.7912e+05   1.7834e+05   1.7719e+05
  8.4222e-01   8.4319e-01  -1.7097e-01  -1.2551e-02   7.3722e-02   1.9638e+05   1.9691e+05   1.9788e+05   1.9638e+05
  9.3059e-01   9.3156e-01  -7.1308e-02  -1.2005e-02   8.6966e-02   2.1735e+05   2.1763e+05   2.1880e+05   2.1735e+05
  1.0282e+00   1.0286e+00   2.7797e-02  -1.2266e-02   8.0547e-02   2.2662e+05   2.2787e+05   2.2864e+05   2.2662e+05
  1.1361e+00   1.1357e+00   1.2687e-01  -7.3814e-03   9.0091e-02   2.1870e+05   2.2361e+05   2.2198e+05   2.1870e+05
  1.2553e+00   1.2544e+00   2.2622e-01  -1.6030e-02   8.8167e-02   1.9118e+05   1.8856e+05   1.9138e+05   1.9118e+05
  1.3870e+00   1.3809e+00   3.2234e-01  -1.2169e-02   1.2048e-01   1.4185e+05   1.3671e+05   1.4011e+05   1.4185e+05
  1.5326e+00   1.5249e+00   4.2155e-01  -2.7141e-02   1.7172e-01   7.5833e+04   7.9235e+04   7.8609e+04   7.5833e+04
  1.6934e+00   1.6799e+00   5.1836e-01  -3.8115e-02   3.0200e-01   3.5758e+04   4.0724e+04   3.9017e+04   3.5758e+04
