1.099114634715547822e+00
5.797481313660339808e-01
1.637242382817171715e-01
-6.609163226629581889e-01
3.027227163693254064e-01
-1.812053834861725166e-01
1.323767447200842051e+00
4.322872448239203358e-01
3.431806988529588209e-01
9.866469457640640872e-01
2.183294013588253091e-01
7.173036718456695660e-01
1.589491038819436930e-01
6.811849167119334858e-01
-1.979601670206125874e-01
-4.610827292051793147e-02
9.778631063785607480e-02
1.119801098439443116e-01
2.887996597362325613e-01
1.030044449703851617e-01
2.816866097080779618e-01
3.433206717253569629e-01
1.169444567508535864e-02
1.589819358708046415e-01
7.200388460131589008e-02
2.501751714405962557e-01
1.634410225771158465e-01
7.618066483362238850e-02
2.296697745238131944e-02
1.118575994054073208e-01
5.802688588778971007e-02
-6.477979459092712833e-02
-5.061688285635954077e-02
-1.238907284924643316e-04
-4.436257696256994815e-02
5.959953912124682507e-02
-4.224384063264102068e-02
5.199617102910953498e-02
2.164064849773593771e-02
5.506429866491950598e-02
1.606774844298233113e-02
1.928270415968984242e-02
-3.616349808313277028e-03
2.511800172802034978e-02
2.967235691051490695e-02
-2.310343425825681779e-02
-7.998164875894863898e-03
-1.398462992354149517e-02
7.296180969755748993e-03
9.100460462036993187e-03
5.814043364241494247e-03
-1.142828419246986506e-02
-2.940307488095554502e-03
-1.145213884459016403e-03
-2.132043081592133876e-02
2.156497686105460481e-03
8.357988973999580648e-04
-4.140422132420079615e-03
-9.209196875982364125e-03
-1.103137848673914172e-02
-4.163574469671775177e-03
5.097738085182653561e-03
-4.192093458910231898e-03
3.192333439175260718e-02
